[paths]
logPath: logs/
prettyLogsPath: prettyLogs/
dataFilePath: dataFiles/
resultFilePath: results/

[parameters]
badPointRange:500
# calibration parameters for observation without frequency shifting
irbene:12 
irbene16:26

# calibration parameters for observation with frequency shifting
DPFU_max_16:0.0442016750, 0.0444381686
G_El_16:-0.0000740207, 0.0071794464, 0.8243803753
Tcal_16:3.859
k_16:0.851

DPFU_max:0.0442016750, 0.0444381686
G_El:-0.0000740207, 0.0071794464, 0.8243803753
Tcal:3.859
k:0.851

f_shift:1.0

[velocities]
cepa:-1.77, -2.41, -3.66, -4.01, -4.67
g25p65:38.57, 40.34, 41.81, 42.54
g32p745:30.49, 39.18, 32.11, 33.52, 38.06, 38.33, 38.55
g33p64:60.31, 60.99, 59.30, 59.61, 62.68, 63.21
ngc7538:-58.04, -57.58, -61.31, -60.7, -56.79, -56.06, -48.84, -48.25
s255:6.34, 5.90, 4.80, 7.55, 2.31, 4.21
v645:-40.86, -43.54, -43.69, -42.97
w3oh:-44.57, -43.49, -45.05, -42.97, -45.45, -42.46 
w51:59.29, 58.82, 58.34, 57.90, 56.22, 51.80, 50.12 
w75n:4.64, 4.09, 7.29, 5.80, 5.19, 3.50, 9.47

#RA DEC epoch
[sources]
cepa: 225617.90, 620149.7, 2000.0
g22p357: 183144.12, -092212.3, 2000.0
g25p65: 183421.99, -055938.6, 2000.0
g30p99: 184810.80, -014539.3, 2000.0
g32p745: 185121.87, -001205.3, 2000.0
g33p64: 185332.56, 003139.2, 2000.0
g35p20: 190146.90, 011307.5, 2000.0
g37p479: 190007.14, 035953.3, 2000.0
g49p57: 192353.60, 143454.0, 2000.0
w49n: 191011.05, 090520.4, 2000.0
w51: 192343.96, 143035.0, 2000.0
g50p03: 192115.10, 152649.5, 2000.0
g59p783: 194311.25, 234403.3, 2000.0
g60p57: 194552.30, 241742.6, 2000.0
g73p06: 200810.20, 355923.7, 2000.0
g75p78: 202144.20, 372636.7, 2000.0 
g78p122: 201426.04, 411333.4, 2000.0
g85p41: 205413.70, 445406.8, 2000.0
g90p92: 210912.60, 500102.9, 2000.0
g111p26: 231610.00, 595531.3, 2000.0
v645: 213958.26, 501420.9, 2000.0
l1206: 222851.41, 641341.3, 2000.0
l1287: 003647.35, 632902.2, 2000.0
ngc281: 005224.20, 563343.2, 2000.0
w75n: 203836.45, 423736.1, 2000.0
w75s: 203902.50, 422459.0, 2000.0
dr20: 203700.10, 413455.7, 2000.0
dr21: 203901.05, 422249.2, 2000.0
ngc7538: 231345.36, 612810.6, 2000.0
w3oh: 022703.82, 615225.4, 2000.0
g136p84: 024929.80, 604729.5, 2000.0
g49p04: 192522.30, 134720.1, 2000.0
afgl5142: 053048.01, 334754.6, 2000.0
s231: 053913.06, 354551.3, 2000.0
g188p79: 060906.90, 215041.7, 2000.0
g183p35: 055111.10, 254616.5, 2000.0
afgl6366: 060840.67, 213106.9, 2000.0
s252a: 060832.40, 203925.3, 2000.0
s252: 060853.34, 213829.2, 2000.0
s255: 061254.02, 175923.3, 2000.0
s269: 061437.05, 133936.2, 2000.0
